0.5858233 0.5427075 0.4568585 0.3794521
0.5837915 0.5532511 0.4576339 0.3740574
0.6002339 0.5669555 0.4776921 0.3940534
0.6064294 0.5683358 0.4844826 0.4084005
0.6015323 0.563183 0.4737144 0.3898487
0.5990811 0.575731 0.4610962 0.3825
0.5916586 0.5617467 0.4816076 0.4017938
0.5975188 0.5539578 0.479 0.4320559
0.5940423 0.5493975 0.4761463 0.4110117
0.5926628 0.5669957 0.4733911 0.3928725
0.6187186 0.587273 0.4848679 0.4185259
0.597205 0.5520791 0.4584283 0.3970416
0.59627 0.5669208 0.4793891 0.4178824
0.6050132 0.5693673 0.4781091 0.4116496
0.5865991 0.5469791 0.4539439 0.3803623
0.5974035 0.5612222 0.4661064 0.4097089
0.5967754 0.5543311 0.4794897 0.4225792
0.5952096 0.5570908 0.4803421 0.4215326
0.5965206 0.5605904 0.486746 0.413259
0.6168618 0.5890327 0.4788473 0.4070012
0.6033439 0.5660413 0.4798579 0.4086726
0.5941777 0.541853 0.45679 0.407678
0.6130592 0.5605638 0.4538172 0.405674
0.5938862 0.5721229 0.4630543 0.3819625
0.6019843 0.5658845 0.4728842 0.3966237
0.6056391 0.5824736 0.4620846 0.3982784
0.604647 0.5740224 0.4762379 0.421873
0.5968246 0.5620183 0.4867144 0.4158296
0.597826 0.5563531 0.4666911 0.414801
0.5948883 0.5543636 0.4757008 0.4171766
0.6023234 0.5778958 0.4991681 0.4277261
0.5938424 0.5639422 0.4575432 0.4049716
0.5966355 0.5643139 0.4489814 0.3909582
0.5904834 0.5486029 0.4735924 0.4182355
0.6077844 0.5754178 0.4861602 0.4341823
0.5882094 0.5466496 0.4612223 0.4209164
0.6032703 0.5728868 0.4628714 0.387921
0.5936954 0.5512796 0.4753501 0.3924265
0.6025114 0.5743478 0.4673633 0.3860391
0.6014189 0.5633005 0.4820885 0.4232709
0.5893936 0.5495379 0.4511729 0.3900688
0.5927842 0.5466243 0.4622596 0.4133458
0.5986548 0.5628897 0.4702477 0.3806201
0.6094382 0.5735063 0.4915088 0.4055571
0.5875259 0.5436693 0.4737492 0.4246134
0.610993 0.5733922 0.483096 0.3992733
0.5960659 0.5624891 0.4972565 0.4509354
0.5914676 0.5529563 0.4713923 0.3966134
0.584753 0.559768 0.4603161 0.3926303
0.5960919 0.5585439 0.4724297 0.4068091
0.6004779 0.5582911 0.4625709 0.4078909
0.5893804 0.5579548 0.4702228 0.3970679
0.5916603 0.5603551 0.4888746 0.4213363
0.6126845 0.577668 0.4872596 0.4351508
0.5858499 0.5535597 0.4470143 0.3775879
0.6003993 0.5530249 0.4774423 0.4123183
0.6004775 0.5608304 0.5014105 0.4423492
0.6000047 0.5621591 0.4872897 0.4200945
0.6000267 0.5733749 0.4642103 0.3878061
0.5821831 0.5445865 0.4716786 0.3995642
0.6023246 0.5635679 0.4979836 0.4414685
0.5984431 0.5609398 0.4566535 0.3770614
0.5952435 0.5746139 0.4596031 0.3756066
0.5961294 0.5590539 0.4634851 0.3791621
0.5984632 0.5698198 0.480202 0.4015312
0.6030897 0.5603453 0.4549931 0.4006938
0.5938746 0.5524786 0.4668619 0.401395
0.5909705 0.5612598 0.4641647 0.4016247
0.6018184 0.5592881 0.5012009 0.4267889
0.5952764 0.5630575 0.4528541 0.3702483
0.6024369 0.5695825 0.4698977 0.4091369
0.6028265 0.561905 0.4850217 0.4247418
0.5916045 0.5585881 0.4819813 0.413752
0.604033 0.5622567 0.4731094 0.4062035
0.5921589 0.5625732 0.4669289 0.3837165
0.5944859 0.5580267 0.4645324 0.3784174
0.5960191 0.5638194 0.4671564 0.3934419
0.6112422 0.5799276 0.4956412 0.4435262
0.5960661 0.5588295 0.4778323 0.4184976
0.6073451 0.5617011 0.4840159 0.413259
0.5980482 0.5419056 0.4741364 0.3806535
0.59701 0.5569065 0.4668036 0.3999417
0.604462 0.5589923 0.4628709 0.3908295
0.6115943 0.5807779 0.4754104 0.3927673
0.5941802 0.5602516 0.4732395 0.4154754
0.6034761 0.572561 0.4827755 0.4183968
0.5891481 0.5480714 0.4732566 0.4270826
0.5924189 0.5596255 0.480709 0.4265896
0.5968018 0.5582194 0.4655462 0.4094117
0.5902701 0.5614436 0.4515265 0.380808
0.5894089 0.5537324 0.4610916 0.3919787
0.5999365 0.5607101 0.4743705 0.4130951
0.6075949 0.5736242 0.4832262 0.4031656
0.5863269 0.5559408 0.4564211 0.3962853
0.6011462 0.5640498 0.4704782 0.3935603
0.6003619 0.5729461 0.483358 0.403037
0.587266 0.5485919 0.4789209 0.4027151
0.5854871 0.5512118 0.4638222 0.393594
0.5960987 0.5622277 0.4611376 0.3992139
0.6057109 0.5751174 0.490653 0.4198473
