0.5939113 0.4136955 0.360485 0.1317489
0.6019712 0.3965663 0.3513685 0.1177627
0.5944152 0.3745099 0.3133518 0.1162286
0.5918071 0.3869827 0.3222007 0.1205144
0.6081122 0.4039741 0.3410233 0.1210632
0.5941526 0.379988 0.318398 0.08907425
0.6010978 0.4181645 0.3663765 0.1165187
0.5795142 0.3776885 0.3245932 0.1456884
0.596386 0.4268651 0.3600709 0.1495071
0.602109 0.4011013 0.3447854 0.1236192
0.5977713 0.4255571 0.3521602 0.1165506
0.5953047 0.3873215 0.3234205 0.1114884
0.5858565 0.4280697 0.3730432 0.1474671
0.6005836 0.3740033 0.3243382 0.1062501
0.596782 0.4409463 0.3607123 0.1163574
0.6052975 0.4582455 0.3739719 0.12459
0.6062123 0.4235996 0.372928 0.141709
0.5977257 0.3903411 0.3397307 0.1315209
0.5872241 0.4155115 0.3504802 0.1164545
0.5816357 0.3971999 0.3405045 0.1201841
0.5897278 0.3992298 0.3340884 0.1129995
0.5910617 0.4015318 0.3273308 0.1197153
0.5996097 0.4370721 0.3836193 0.1420169
0.6014842 0.4247709 0.3582123 0.1182659
0.5967441 0.4294371 0.3633442 0.1104852
0.596782 0.4422484 0.3810519 0.1191384
0.5963658 0.4132759 0.3740198 0.1365019
0.595977 0.4181196 0.3524954 0.1144247
0.5943667 0.4211032 0.3628091 0.1479532
0.5943625 0.4049525 0.345781 0.1117459
0.5944459 0.3963258 0.3508847 0.1279466
0.5906101 0.4313083 0.3762502 0.1464074
0.5963235 0.429894 0.3625001 0.106013
0.6016731 0.4090604 0.3474763 0.1323968
0.6040605 0.4332158 0.3649776 0.144219
0.5998627 0.4448533 0.3671121 0.1055541
0.5889828 0.4057682 0.3526056 0.1276583
0.5960885 0.4595951 0.3887663 0.1278605
0.5976223 0.4209099 0.3430988 0.1176158
0.5865523 0.4163124 0.3607403 0.1315198
0.5883549 0.4533311 0.3735271 0.1141616
0.5979722 0.4542605 0.3893167 0.1186373
0.6061348 0.437475 0.375598 0.1102617
0.5912187 0.4332194 0.3538526 0.118911
0.605893 0.3935166 0.3438044 0.1135659
0.5844722 0.4153837 0.3652904 0.1373197
0.599991 0.4259145 0.3642353 0.1193711
0.5984907 0.3968996 0.34293 0.1313767
0.6005038 0.3854047 0.3398233 0.114803
0.6031943 0.4523579 0.3842847 0.1325933
0.5913982 0.4168823 0.3592449 0.1057467
0.5896162 0.4079601 0.3481025 0.1095219
0.6009333 0.4167866 0.3585534 0.114657
0.6176037 0.4260083 0.3729811 0.1429086
0.5879534 0.4285853 0.3630231 0.1325801
0.6096561 0.4436124 0.3777905 0.1434177
0.5972263 0.4433379 0.3757721 0.118446
0.5911708 0.4743655 0.4081868 0.1232451
0.5911485 0.4523588 0.3741201 0.1252404
0.5944839 0.3978608 0.3727511 0.1727123
0.5718298 0.4088859 0.3651009 0.1393709
0.6035018 0.4077155 0.355967 0.1443193
0.6045521 0.3991215 0.3521534 0.1360074
0.6003165 0.4439788 0.3745673 0.1311786
0.590658 0.454252 0.3861911 0.1318318
0.5903356 0.4147562 0.335242 0.1006608
0.606345 0.3666417 0.3167945 0.1233765
0.5859272 0.4000562 0.3298214 0.1356971
0.616083 0.4371434 0.3687136 0.1428715
0.6027963 0.3868607 0.3443067 0.127095
0.5914588 0.3843486 0.3328573 0.1235416
0.6041448 0.3911153 0.3423838 0.1145772
0.5954187 0.3728402 0.3048338 0.10895
0.6034768 0.440712 0.3863748 0.1488522
0.5974966 0.4236601 0.3511296 0.1069967
0.6107085 0.436792 0.3708101 0.1147425
0.5991774 0.4201042 0.3589434 0.1258868
0.6132038 0.4649891 0.3936043 0.1461721
0.6005759 0.4380643 0.371445 0.1269507
0.5991032 0.4538245 0.3712173 0.1329547
0.6051167 0.4187901 0.360212 0.1428424
0.5821832 0.4015291 0.3421388 0.09468726
0.589034 0.4116925 0.3448763 0.1119134
0.6092569 0.4275205 0.3532523 0.1241639
0.5928468 0.3754702 0.3168199 0.1117387
0.6043727 0.378856 0.3128323 0.1055464
0.5826233 0.3975613 0.3393138 0.09246251
0.5964002 0.4190625 0.342943 0.1362996
0.6038411 0.4289408 0.3715263 0.1421398
0.6061225 0.4086645 0.348914 0.1484211
0.6020569 0.3928812 0.329386 0.08793988
0.5961036 0.3963042 0.3214317 0.1062092
0.5936993 0.3972303 0.3496639 0.1477074
0.5953484 0.4378375 0.3629277 0.09455114
0.579817 0.4002841 0.3555415 0.1347947
0.6059047 0.3717975 0.3052831 0.1111677
0.5879233 0.4241986 0.378335 0.1346461
0.5881016 0.4333008 0.3716418 0.1080411
0.6017171 0.4149872 0.3629394 0.1524501
0.5982913 0.4239406 0.3572205 0.12249
0.6034208 0.475425 0.4168817 0.1378726
0.6035064 0.4150292 0.3761727 0.1322223
0.5951216 0.4138407 0.3596439 0.1370636
0.592108 0.4004357 0.3233918 0.1164241
0.6021525 0.4111054 0.3508485 0.135277
0.5934708 0.3914566 0.3295309 0.09507836
0.5914009 0.3545454 0.3138987 0.1220127
0.5946679 0.4497404 0.3909053 0.1236167
0.607754 0.4303335 0.3709702 0.136194
0.5848332 0.4584906 0.3879342 0.1380367
0.5956051 0.4160281 0.3569259 0.1344054
0.5994742 0.4218251 0.345316 0.1089146
0.6004841 0.3921655 0.3480745 0.1350032
0.5980991 0.4684618 0.3961815 0.1091563
0.6019796 0.4656415 0.38916 0.1231891
0.6063272 0.3913202 0.325099 0.0889896
0.6013982 0.4371875 0.3547455 0.1160484
0.5984487 0.386561 0.3330367 0.113976
0.5912601 0.4184946 0.3458498 0.1022184
0.5941727 0.4093238 0.3495521 0.1292911
0.5854008 0.39246 0.3220943 0.1007411
0.5938492 0.4242725 0.3523112 0.1284272
0.5935889 0.4094276 0.3417779 0.1317909
0.5974059 0.4427103 0.3739677 0.1359061
0.5999462 0.4437818 0.3853599 0.1171164
0.5819262 0.4508063 0.3753372 0.1267444
0.5959744 0.3662345 0.3141912 0.1183681
0.6098879 0.388685 0.3415529 0.120849
0.5912445 0.426013 0.3577442 0.1156842
0.5923148 0.4126163 0.3422915 0.0968015
0.5970041 0.4393448 0.3833998 0.1478675
0.5989756 0.4086965 0.3577605 0.1134867
0.6009776 0.3812677 0.3320044 0.123603
0.5951681 0.4384307 0.368632 0.1108261
0.5998668 0.4729647 0.4082678 0.1249982
0.5970729 0.4648002 0.3803169 0.1176185
0.5826294 0.3973213 0.3295674 0.1106377
0.5934796 0.4259874 0.3555764 0.115673
0.5879725 0.3922761 0.3304127 0.1212861
0.5931923 0.4128766 0.3508923 0.1234842
0.5869403 0.3779572 0.3107889 0.1169271
0.5998604 0.3788608 0.3436861 0.1198937
0.6009093 0.4240629 0.3624378 0.1132946
0.5949579 0.4485505 0.380927 0.132798
0.6007929 0.3878535 0.3339302 0.1245514
0.5964948 0.4914519 0.4308902 0.1416144
0.5965333 0.3963794 0.3378392 0.1104686
0.600381 0.3793457 0.3078045 0.1187058
0.6075881 0.423883 0.3447696 0.1279752
0.6070926 0.4248613 0.3624985 0.1488525
0.5947909 0.4130575 0.3589753 0.1368564
0.5980517 0.4451741 0.3882133 0.1463334
0.5898383 0.4249553 0.3604966 0.1162672
0.6058702 0.4092571 0.3361134 0.1298075
0.6076395 0.4312596 0.3875647 0.1432043
0.5954753 0.3896745 0.3293499 0.1068699
0.5945693 0.395645 0.3482141 0.1181705
0.6058328 0.4117259 0.356488 0.1253688
0.5959702 0.432241 0.3751929 0.1114321
0.6096031 0.3922926 0.3428082 0.1323236
0.6011289 0.3986259 0.3307895 0.1317394
